(base) ➜  /home/dunnkers/git/bsc-thesis/src/transform.py 
N_FOLDS = 10
'cache_35x70': [3154.37, 3009.01, 3499.18, 3322.40, 3402.35, 3387.66, 3256.10, 3390.88, 3397.73, 3041.69]
Transformed cache in 0:00:01.407864
'cache_50x100': [2894.35, 3100.29, 3147.19, 3148.76, 3012.67, 3124.09, 3158.98, 2260.70, 3214.91, 3029.94]
Transformed cache in 0:00:01.418004
'cache_70x140': [2799.80, 2593.39, 2673.04, 2137.22, 2344.51, 2698.52, 2454.16, 2782.35, 2672.10, 2755.02]
Transformed cache in 0:00:01.493001
'cache_100x200': [2132.26, 2114.75, 2075.86, 2119.27, 2086.63, 2103.62, 2086.68, 2015.61, 2145.55, 1525.46]
Transformed cache in 0:00:01.692196
'cache_140x280': [1447.81, 1460.58, 1418.20, 1440.69, 1469.53, 1463.24, 1453.64, 1436.51, 1414.78, 1135.78]
Transformed cache in 0:00:02.014277
'cache_175x350': [1073.37, 1076.75, 1102.69, 1054.03, 1077.94, 1036.93, 1116.07, 1075.15, 1031.26, 1083.94]
Transformed cache in 0:00:02.377563
'cache_350x700': [330.05, 327.11, 329.31, 320.25, 328.51, 328.66, 327.14, 329.37, 325.99, 323.08]
Transformed cache in 0:00:05.370749
'cache_525x1050': [146.61, 147.09, 146.95, 146.56, 145.57, 146.27, 145.48, 146.79, 143.62, 145.66]
Transformed cache in 0:00:10.609505

transform_iterations_per_second = {
  'cache_35x70': [3154.37, 3009.01, 3499.18, 3322.40, 3402.35, 3387.66, 3256.10, 3390.88, 3397.73, 3041.69],
  'cache_50x100': [2894.35, 3100.29, 3147.19, 3148.76, 3012.67, 3124.09, 3158.98, 2260.70, 3214.91, 3029.94],
  'cache_70x140': [2799.80, 2593.39, 2673.04, 2137.22, 2344.51, 2698.52, 2454.16, 2782.35, 2672.10, 2755.02],
  'cache_100x200': [2132.26, 2114.75, 2075.86, 2119.27, 2086.63, 2103.62, 2086.68, 2015.61, 2145.55, 1525.46],
  'cache_140x280': [1447.81, 1460.58, 1418.20, 1440.69, 1469.53, 1463.24, 1453.64, 1436.51, 1414.78, 1135.78],
  'cache_175x350': [1073.37, 1076.75, 1102.69, 1054.03, 1077.94, 1036.93, 1116.07, 1075.15, 1031.26, 1083.94],
  'cache_350x700': [330.05, 327.11, 329.31, 320.25, 328.51, 328.66, 327.14, 329.37, 325.99, 323.08],
  'cache_525x1050': [146.61, 147.09, 146.95, 146.56, 145.57, 146.27, 145.48, 146.79, 143.62, 145.66]
}